Sample_ID	Well	Plate_ID	Substrate	Concentration	Isolate	Ribotype	Group	Control	Flag	OD_Baseline	OD_Min	OD_Max	OD_Emp_AUC	Fold_Change	OD_Offset	MSE	dx_auc_lin	dx_auc_log	dx_k_lin	dx_k_log	dx_t_k	dx_gr	dx_dr	dx_td	dx_t_gr	dx_t_dr	dx_death_lin	dx_death_log	dx_lagC	dx_lagP	dx_t0	dx_tf	K_Error > 20%
196	E1	2020-06-22-R3	Trehalose	Low	CD1007	RT053	1	0	0	0.094	0.089	0.231	4.093666666666667	1.1512605042016808	0.094	7.810091914896082e-07	0.5990309438692699	0.5142726114609694	0.4403359986857942	0.3648764187908241	8.0	0.12367881050125414	0.11132127467110564	5.604413381327892	7.0	8.0	0.0	0.0	5.003456574045815	1.0	0.0	8.166666666666666	FALSE
196	E1	2020-06-22-R3	Trehalose	Low	CD1007	RT053	1	0	0	0.094	0.089	0.231	4.093666666666667	1.1512605042016808	0.094	7.810091914896082e-07	1.0058277961916404	0.8675670063058558	0.45417701782883335	0.37444011711280883	12.0	0.13272139019332493	0.027537241262509355	5.222573238196885	9.666666666666666	12.0	0.0	0.0	8.300085208422525	8.166666666666666	8.166666666666666	12.166666666666666	FALSE
196	E1	2020-06-22-R3	Trehalose	Low	CD1007	RT053	1	0	0	0.094	0.089	0.231	4.093666666666667	1.1512605042016808	0.094	7.810091914896082e-07	0.9495062282473037	0.9023269594281691	0.1540150706936647	0.14324722752720542	16.833333333333332	0.04613189506640103	-0.03217660181339541	15.025335065083443	13.666666666666666	18.5	0.1250760350504676	0.1147190186469429	12.469210541734208	12.166666666666666	12.166666666666666	24.0	FALSE
198	G1	2020-06-22-R3	Water	None	CD1007	RT053	1	1	0	0.091	0.087	0.21	3.988833333333333	1.0	0.091	6.818648526416345e-07	1.7365036226936477	1.3966918940555775	0.7504018654911315	0.559845398996289	9.0	0.16237829571320925	0.051514082644418	4.2687181652908475	6.833333333333333	9.0	0.0	0.0	4.855843882999032	1.1666666666666667	0.0	9.166666666666666	FALSE
198	G1	2020-06-22-R3	Water	None	CD1007	RT053	1	1	0	0.091	0.087	0.21	3.988833333333333	1.0	0.091	6.818648526416345e-07	3.761660979935355	3.3179792207749292	0.3095506709770435	0.2696840791211962	20.833333333333332	0.10080536252758085	-0.006093141116609942	6.876094318596362	11.0	22.166666666666668	0.008101928735969155	0.006206018046976514	9.638951121326174	9.166666666666666	9.166666666666666	24.0	FALSE
200	A2	2020-06-22-R3	Glucose	Low	CD1015	RT078	2	0	0	0.098	0.096	0.472	8.521666666666665	3.309734513274336	0.098	1.7357295869712568e-06	0.16642937635321825	0.15448238549117027	0.24431476061757063	0.21858498531654383	2.3333333333333335	0.20450103949463858	0.18891406548018974	3.389455536621454	2.0	2.3333333333333335	0.0	0.0	1.2553242051379154	0.16666666666666666	0.0	2.5	FALSE
200	A2	2020-06-22-R3	Glucose	Low	CD1015	RT078	2	0	0	0.098	0.096	0.472	8.521666666666665	3.309734513274336	0.098	1.7357295869712568e-06	0.5804641003430401	0.47979537472303113	0.6882951577991245	0.5237192374042157	4.333333333333333	0.35696294150564256	0.2767769033063642	1.941790309202135	3.6666666666666665	4.333333333333333	0.0	0.0	2.801892462064619	2.5	2.5	4.5	FALSE
200	A2	2020-06-22-R3	Glucose	Low	CD1015	RT078	2	0	0	0.098	0.096	0.472	8.521666666666665	3.309734513274336	0.098	1.7357295869712568e-06	16.30000983809149	11.45355134858345	1.1346610865785562	0.7583078924304106	14.0	0.2876002121235033	-0.409745855120409	2.410106638802788	5.166666666666667	22.5	1.1685437502196092	0.7927778783663624	4.532593652380774	4.5	4.5	24.0	FALSE
206	G2	2020-06-22-R3	Water	None	CD1015	RT078	2	1	0	0.107	0.101	0.22	4.384833333333333	1.0	0.107	3.6816273594421685e-07	0.2695745909125704	0.23138854218401708	0.2879674261524323	0.2530653371080352	5.666666666666667	0.1210044467847057	0.06835550861501606	5.728278579655928	4.0	5.666666666666667	0.0	0.0	3.244459853801837	1.8333333333333333	0.0	5.833333333333333	FALSE
206	G2	2020-06-22-R3	Water	None	CD1015	RT078	2	1	0	0.107	0.101	0.22	4.384833333333333	1.0	0.107	3.6816273594421685e-07	8.326137421006537	6.732805509582817	0.569376133921498	0.4506781734600753	13.166666666666666	0.11482530201657871	-0.008937916866891682	6.036536968654063	8.0	22.166666666666668	0.0806445474771047	0.05275370031643478	6.316007335260261	5.833333333333333	5.833333333333333	24.0	FALSE
210	C3	2020-06-22-R3	Fructose	Low	CD2001	RT078	3	0	0	0.094	0.093	0.589	7.818333333333333	5.0	0.094	8.959047888367326e-07	0.9418109959019345	0.7696292223431391	0.874570730162092	0.6283796892971647	4.0	0.3701317223198935	0.36823385037061523	1.872704063881559	3.8333333333333335	4.0	0.0	0.0	2.3020137427506278	0.16666666666666666	0.0	4.166666666666667	FALSE
210	C3	2020-06-22-R3	Fructose	Low	CD2001	RT078	3	0	0	0.094	0.093	0.589	7.818333333333333	5.0	0.094	8.959047888367326e-07	19.253578572865944	10.444261623762943	2.146086061881214	1.1461591602317893	11.666666666666666	0.3881003992836435	-0.5975257498740407	1.785999658437244	5.0	16.666666666666668	2.467733620379471	1.534247461112049	4.198924169202717	4.166666666666667	4.166666666666667	24.0	FALSE
214	G3	2020-06-22-R3	Water	None	CD2001	RT078	3	1	0	0.09	0.088	0.189	3.8634999999999997	1.0	0.09	2.061189285461716e-07	0.6813523945337492	0.6008336087907069	0.4325901330448654	0.35948408772849866	5.833333333333333	0.12737999399084815	0.10414004690190315	5.441570209288483	4.5	5.833333333333333	0.0	0.0	2.897534278133004	0.6666666666666666	0.0	6.0	FALSE
214	G3	2020-06-22-R3	Water	None	CD2001	RT078	3	1	0	0.09	0.088	0.189	3.8634999999999997	1.0	0.09	2.061189285461716e-07	6.7379375375933765	5.661310470001968	0.4430664684374468	0.36677034140409476	14.166666666666666	0.10753579031320809	-0.0068835376168658565	6.445734750645241	7.0	22.333333333333332	0.04964226998441612	0.03500617146115326	6.026247952468139	6.0	6.0	24.0	FALSE
216	A4	2020-06-22-R3	Glucose	Low	CD2015	RT027	4	0	0	0.102	0.1	0.65	10.590333333333332	7.506849315068493	0.102	2.8402807407169955e-05	7.849600088268069	4.227507564738932	3.361465338410772	1.4728080876878897	8.5	0.45483709068019523	-0.0329572985724166	1.5239460342237359	6.5	8.666666666666666	0.013855660160647432	0.0031818928701861093	4.490021303111167	0.0	0.0	8.833333333333334	FALSE
216	A4	2020-06-22-R3	Glucose	Low	CD2015	RT027	4	0	0	0.102	0.1	0.65	10.590333333333332	7.506849315068493	0.102	2.8402807407169955e-05	4.985915960757577	4.2249358701002055	0.4784598448634496	0.3910009005661579	18.166666666666668	0.2780926251886438	-0.4344508238512565	2.492504718849519	10.166666666666666	23.833333333333332	0.4720737725465909	0.3846351328106994	9.675439882583248	9.166666666666666	8.833333333333334	24.0	FALSE
219	D4	2020-06-22-R3	Fructose	High	CD2015	RT027	4	0	0	0.096	0.092	0.4	6.435833333333333	4.164383561643835	0.096	1.4482513075732783e-05	4.6988376206598685	2.825272600221419	2.2749301640959945	1.1862965449197025	8.5	0.45810790004411567	-0.14149409953917358	1.5130653291357679	7.0	8.833333333333334	0.09510732243414344	0.029471059848715342	5.3560887542820375	0.0	0.0	9.0	FALSE
219	D4	2020-06-22-R3	Fructose	High	CD2015	RT027	4	0	0	0.096	0.092	0.4	6.435833333333333	4.164383561643835	0.096	1.4482513075732783e-05	2.2771178360582294	2.007743155768437	0.3494675174680675	0.29971008313663594	23.666666666666668	0.13523462957527146	-0.006011198975433346	5.1255154300115136	10.833333333333334	23.833333333333332	0.0002374249675844986	0.00017595522174840283	11.221926761014123	10.0	9.0	24.0	FALSE
221	F4	2020-06-22-R3	Trehalose	High	CD2015	RT027	4	0	0	0.098	0.094	0.449	7.281333333333333	4.808219178082191	0.098	9.015924750914205e-06	5.583265103403985	3.233456610525879	2.505850420449147	1.2544331217124582	9.0	0.43309388973820667	-0.05072337513360735	1.6004547673922014	7.333333333333333	9.333333333333334	0.024642006624181256	0.0070536428497876	5.45949828127347	0.0	0.0	9.5	FALSE
221	F4	2020-06-22-R3	Trehalose	High	CD2015	RT027	4	0	0	0.098	0.094	0.449	7.281333333333333	4.808219178082191	0.098	9.015924750914205e-06	2.5663379877903294	2.2985389798253157	0.32636220079974243	0.2824400074051805	23.833333333333332	0.09062735031455356	0.02012933135036442	7.648322257620225	11.166666666666666	23.833333333333332	0.0	0.0	11.069133853225841	10.333333333333334	9.5	24.0	FALSE
222	G4	2020-06-22-R3	Water	None	CD2015	RT027	4	1	0	0.094	0.089	0.167	3.1501666666666663	1.0	0.094	1.8762262826860499e-06	0.802420922254227	0.6446781788081318	0.5513558619931778	0.4391292982336473	8.833333333333334	0.18499553036972224	0.04759918727124614	3.746832040615566	7.0	8.833333333333334	0.0	0.0	5.831172776339519	1.5	0.0	9.0	FALSE
222	G4	2020-06-22-R3	Water	None	CD2015	RT027	4	1	0	0.094	0.089	0.167	3.1501666666666663	1.0	0.094	1.8762262826860499e-06	0.09174651708571785	0.0645904190456938	0.1374482009046738	0.12878733313987661	11.5	0.07218679116000798	-0.05822144749320688	9.602133152359237	10.333333333333334	12.666666666666666	0.21152923277681435	0.20575588872615014	9.261115469597891	9.0	9.0	24.0	FALSE
225	B5	2020-06-22-R3	Glucose	High	CD2048	RT053	5	0	0	0.1	0.097	0.702	11.786000000000001	6.142857142857142	0.1	2.857026453552e-05	0.9044090573633978	0.7273913356409238	0.8585170462840281	0.6197788827787661	4.833333333333333	0.322080607419653	0.3196610638314305	2.152092254523146	4.666666666666667	4.833333333333333	0.0	0.0	2.9084908176117428	0.0	0.0	5.0	FALSE
225	B5	2020-06-22-R3	Glucose	High	CD2048	RT053	5	0	0	0.1	0.097	0.702	11.786000000000001	6.142857142857142	0.1	2.857026453552e-05	37.890321938062904	20.253708010829023	2.5747299250710705	1.2738896278576053	11.0	0.40464198398098455	-0.10485777032432854	1.7129887851491914	6.333333333333333	11.5	0.37368376040154816	0.11041194502150908	5.151582715205613	5.0	5.0	24.0	FALSE
228	E5	2020-06-22-R3	Trehalose	Low	CD2048	RT053	5	0	0	0.094	0.09	0.23	4.275166666666666	1.3877551020408163	0.094	9.90327608898531e-07	0.8984372070280543	0.7636528833726708	0.5428158720546341	0.4336092351228653	7.166666666666667	0.16747681515495103	0.0650643145881768	4.138764998120124	6.0	7.166666666666667	0.0	0.0	4.256009464092456	1.0	0.0	7.333333333333333	FALSE
228	E5	2020-06-22-R3	Trehalose	Low	CD2048	RT053	5	0	0	0.094	0.09	0.23	4.275166666666666	1.3877551020408163	0.094	9.90327608898531e-07	0.5945604387694963	0.5264069402800451	0.34520084696029896	0.2965433305004155	10.166666666666666	0.17250573829848503	-0.007538660576290864	4.018110860524531	8.666666666666666	10.333333333333334	0.0007188485334856942	0.0005345229098918658	7.794230123653222	7.333333333333333	7.333333333333333	10.5	FALSE
228	E5	2020-06-22-R3	Trehalose	Low	CD2048	RT053	5	0	0	0.094	0.09	0.23	4.275166666666666	1.3877551020408163	0.094	9.90327608898531e-07	1.4803779742574528	1.3772816986875538	0.17473611817672974	0.16104354209907235	18.0	0.0625604583040729	-0.010455194784413818	11.079637191769406	13.666666666666666	21.5	0.03521486989358946	0.03043532554594519	13.069791324619027	11.666666666666666	10.5	24.0	FALSE
229	F5	2020-06-22-R3	Trehalose	High	CD2048	RT053	5	0	0	0.099	0.095	0.212	4.0073333333333325	1.1530612244897958	0.099	1.7292601570279202e-06	0.696832740596039	0.6046142103165045	0.45882075747870177	0.37762840899750916	7.166666666666667	0.13393921383597573	0.10288398880744544	5.175087718588413	5.666666666666667	7.166666666666667	0.0	0.0	4.190743755466675	0.0	0.0	7.333333333333333	FALSE
229	F5	2020-06-22-R3	Trehalose	High	CD2048	RT053	5	0	0	0.099	0.095	0.212	4.0073333333333325	1.1530612244897958	0.099	1.7292601570279202e-06	0.5685305280808609	0.5170867276320339	0.2507108480636535	0.22371206812881872	10.166666666666666	0.10940502208734967	-0.027630178752031213	6.3356066050289	8.333333333333334	10.666666666666666	0.011282271147885936	0.009061619792305797	7.364177192536862	7.333333333333333	7.333333333333333	10.833333333333334	FALSE
229	F5	2020-06-22-R3	Trehalose	High	CD2048	RT053	5	0	0	0.099	0.095	0.212	4.0073333333333325	1.1530612244897958	0.099	1.7292601570279202e-06	1.2822887668241203	1.1967995469098078	0.16787187393241432	0.15518318141320941	19.0	0.053879147530815165	-0.011503275272030484	12.86485054655909	14.666666666666666	20.166666666666668	0.03832469355266643	0.03336635432846702	13.652497697628492	12.0	10.833333333333334	24.0	FALSE
232	A6	2020-06-22-R3	Glucose	Low	CD2058	Unknown	6	0	0	0.09	0.09	0.607	8.847166666666666	5.681318681318682	0.09	0.00014727849211251324	17.07016776639075	8.486526322947313	3.2884519945631734	1.455925827393188	8.666666666666666	0.4044860920082204	-0.10998282351853553	1.7136489838712636	6.333333333333333	11.333333333333334	0.196923160515019	0.04700712912778271	4.057869068295185	0.0	0.0	11.5	FALSE
232	A6	2020-06-22-R3	Glucose	Low	CD2058	Unknown	6	0	0	0.09	0.09	0.607	8.847166666666666	5.681318681318682	0.09	0.00014727849211251324	4.62422494599172	3.794589435066193	0.5726438996713075	0.45275821553050033	16.5	0.29902311007425947	-0.07765210184348759	2.3180388311385327	13.5	20.166666666666668	0.3351810832621167	0.23969504786733098	12.915605561704973	12.333333333333334	11.5	24.0	FALSE
233	B6	2020-06-22-R3	Glucose	High	CD2058	Unknown	6	0	0	0.105	0.102	0.638	9.919	5.857142857142858	0.105	0.0001298913263744187	17.959930657970343	8.850381589152263	3.346339559743707	1.4693340103384331	8.833333333333334	0.44846847202682305	-0.13357377169061907	1.5455873128100026	6.333333333333333	11.833333333333334	0.511823206994177	0.1252906974880228	4.339808427959157	0.0	0.0	12.0	FALSE
233	B6	2020-06-22-R3	Glucose	High	CD2058	Unknown	6	0	0	0.105	0.102	0.638	9.919	5.857142857142858	0.105	0.0001298913263744187	5.2054992055303275	4.155760075919407	0.59121242398977	0.46449625646440484	21.333333333333332	0.33347539539465115	-0.049306622865349106	2.078555689962196	13.833333333333334	23.833333333333332	0.04023264766671364	0.025609411476188892	13.435655740674436	12.833333333333334	12.0	24.0	FALSE
234	C6	2020-06-22-R3	Fructose	Low	CD2058	Unknown	6	0	0	0.095	0.092	0.503	7.432166666666666	4.483516483516484	0.095	1.280030558886819e-05	9.182426184646783	5.225316374104463	2.5871647733402354	1.27736213374831	9.833333333333334	0.32040807553571476	-0.017483536887995584	2.1633261877092815	6.833333333333333	10.333333333333334	0.019056168568274412	0.005326480936626687	4.488630453167512	0.0	0.0	10.5	FALSE
234	C6	2020-06-22-R3	Fructose	Low	CD2058	Unknown	6	0	0	0.095	0.092	0.503	7.432166666666666	4.483516483516484	0.095	1.280030558886819e-05	2.9116556870433277	2.528925695876248	0.4777563616588467	0.3905249656759222	19.0	0.10569517366269285	-0.10515272215111635	6.557983269624022	13.666666666666666	20.666666666666668	0.3880111368297996	0.3045810354449623	12.635159291872727	11.5	10.5	24.0	FALSE
236	E6	2020-06-22-R3	Trehalose	Low	CD2058	Unknown	6	0	0	0.094	0.092	0.344	5.592833333333332	2.747252747252747	0.094	1.0515752313083942e-05	4.759993396474623	3.2318093437888082	1.5713177066857047	0.9444184938447429	9.333333333333334	0.22195195910873966	-0.03417277074074824	3.1229604070327475	6.833333333333333	9.666666666666666	0.01526405300644118	0.005953966282450485	4.304764279368509	0.0	0.0	9.833333333333334	FALSE
236	E6	2020-06-22-R3	Trehalose	Low	CD2058	Unknown	6	0	0	0.094	0.092	0.344	5.592833333333332	2.747252747252747	0.094	1.0515752313083942e-05	3.4532597059781582	3.0119326177740047	0.3989441076911009	0.33571774327060444	15.333333333333334	0.16226401989087458	-0.05722128263698625	4.271724446529175	12.0	19.333333333333332	0.24133090353159092	0.18935744050474534	11.310608512497199	10.666666666666666	9.833333333333334	24.0	FALSE
238	G6	2020-06-22-R3	Water	None	CD2058	Unknown	6	1	0	0.089	0.086	0.18	3.4353333333333333	1.0	0.089	1.597578048212606e-06	0.7021289719192861	0.6039928316501751	0.483008058947626	0.39407249736060224	7.0	0.15125456829948167	0.0996626893335587	4.58265286366442	5.833333333333333	7.0	0.0	0.0	4.2260715338588986	0.8333333333333334	0.0	7.166666666666667	FALSE
238	G6	2020-06-22-R3	Water	None	CD2058	Unknown	6	1	0	0.089	0.086	0.18	3.4353333333333333	1.0	0.089	1.597578048212606e-06	1.7922329894378666	1.5941506144943094	0.32566494736130447	0.28191418062019685	9.833333333333334	0.1485802773627928	-0.042998352813015395	4.665135863675013	8.5	14.833333333333334	0.140941523383749	0.11240483076182961	7.406751617693935	7.166666666666667	7.166666666666667	15.0	FALSE
238	G6	2020-06-22-R3	Water	None	CD2058	Unknown	6	1	0	0.089	0.086	0.18	3.4353333333333333	1.0	0.089	1.597578048212606e-06	0.0063741106850455625	-0.0021954999349374435	0.08609900320201791	0.08259238052608009	23.833333333333332	0.045881654225797326	-0.004183490367152815	15.107283995227395	20.666666666666668	23.833333333333332	0.0	0.0	20.542729592828955	16.333333333333332	15.0	24.0	FALSE
240	A7	2020-06-22-R3	Glucose	Low	CD3014	RT001	7	0	0	0.096	0.096	0.666	10.472	6.404494382022473	0.096	5.060793796796829e-05	4.198172919893101	2.7639257471835275	2.3620715896969053	1.2125573285422562	7.666666666666667	0.35810667628330073	0.28464738935933837	1.9355885451618657	6.333333333333333	7.666666666666667	0.0	0.0	4.149267296469045	0.0	0.0	7.833333333333333	FALSE
240	A7	2020-06-22-R3	Glucose	Low	CD3014	RT001	7	0	0	0.096	0.096	0.666	10.472	6.404494382022473	0.096	5.060793796796829e-05	11.083114889037287	8.299380416148358	0.934406652989348	0.6598006401763168	11.0	0.2968675384083757	-0.057754097485067275	2.3348702396906766	8.833333333333334	23.833333333333332	0.48580977675603365	0.2892052238034506	7.859025879630001	7.833333333333333	7.833333333333333	24.0	FALSE
241	B7	2020-06-22-R3	Glucose	High	CD3014	RT001	7	0	0	0.094	0.092	0.505	8.101833333333333	4.617977528089888	0.094	1.5366568754729885e-05	1.4919282151470394	1.2183636139357266	0.9564612831489854	0.6711373736399119	7.0	0.27665395315630226	0.2515836267020158	2.505466387347573	6.166666666666667	7.0	0.0	0.0	4.5436850896677115	0.0	0.0	7.166666666666667	FALSE
241	B7	2020-06-22-R3	Glucose	High	CD3014	RT001	7	0	0	0.094	0.092	0.505	8.101833333333333	4.617977528089888	0.094	1.5366568754729885e-05	21.34122840866646	13.453523846460154	1.6228923951562928	0.9642776764657753	11.5	0.3570581637238528	-0.02194912407185182	1.9412724619735127	8.833333333333334	19.833333333333332	0.36313821793942	0.1490216402405673	7.421498583292995	7.166666666666667	7.166666666666667	24.0	FALSE
242	C7	2020-06-22-R3	Fructose	Low	CD3014	RT001	7	0	0	0.095	0.092	0.547	8.687333333333335	5.078651685393259	0.095	8.974937814070195e-06	0.9968142674057922	0.8027794190699188	0.8680786589521088	0.6249104475668459	6.666666666666667	0.3050328200011051	0.27050285229239646	2.2723691849206067	6.0	6.666666666666667	0.0	0.0	4.591413156288656	0.6666666666666666	0.0	6.833333333333333	FALSE
242	C7	2020-06-22-R3	Fructose	Low	CD3014	RT001	7	0	0	0.095	0.092	0.547	8.687333333333335	5.078651685393259	0.095	8.974937814070195e-06	25.39330463252157	15.115062503736524	1.939540977970296	1.0782534392189658	11.5	0.44466516424169605	-0.11695937416482619	1.558807022227601	8.5	18.0	0.8327818358790742	0.3331026241294466	7.212735536423538	6.833333333333333	6.833333333333333	24.0	FALSE
244	E7	2020-06-22-R3	Trehalose	Low	CD3014	RT001	7	0	0	0.092	0.09	0.195	3.6808333333333327	1.157303370786517	0.092	1.5774835909801022e-06	0.1757668654572606	0.1610373995719874	0.23280282863112944	0.20929029949804243	6.333333333333333	0.15779330487042204	0.10573749823143674	4.392754059680475	5.666666666666667	6.333333333333333	0.0	0.0	4.912161044176398	0.0	0.0	6.5	FALSE
244	E7	2020-06-22-R3	Trehalose	Low	CD3014	RT001	7	0	0	0.092	0.09	0.195	3.6808333333333327	1.157303370786517	0.092	1.5774835909801022e-06	0.1736190579766327	0.16296375844339567	0.18287711676948226	0.1679497053570604	8.166666666666666	0.12623535821160414	0.04191577701334836	5.490911503558659	7.333333333333333	8.166666666666666	0.0	0.0	6.611905334980132	6.5	6.5	8.333333333333334	FALSE
244	E7	2020-06-22-R3	Trehalose	Low	CD3014	RT001	7	0	0	0.092	0.09	0.195	3.6808333333333327	1.157303370786517	0.092	1.5774835909801022e-06	0.3099497185874256	0.28367315043281277	0.24280852416751952	0.21737375735417303	10.5	0.17520918408054165	-0.015685656572255225	3.9561121421655243	9.5	10.666666666666666	0.0014948531377219076	0.0012035263974132793	8.841055623204841	8.333333333333334	8.333333333333334	10.833333333333334	FALSE
244	E7	2020-06-22-R3	Trehalose	Low	CD3014	RT001	7	0	0	0.092	0.09	0.195	3.6808333333333327	1.157303370786517	0.092	1.5774835909801022e-06	0.1395305877934987	0.1360195513089359	0.07270144139537993	0.07018017832816503	15.5	0.03860459234747499	-0.014006430235716523	17.9550446827936	14.833333333333334	15.666666666666666	0.0015012409426906625	0.0014004758042593934	13.404207013554867	11.333333333333334	10.833333333333334	15.833333333333334	FALSE
244	E7	2020-06-22-R3	Trehalose	Low	CD3014	RT001	7	0	0	0.092	0.09	0.195	3.6808333333333327	1.157303370786517	0.092	1.5774835909801022e-06	0.3850827649851058	0.37348787362248803	0.07539764522738412	0.07269049571965047	22.0	0.04735727296660785	-0.0077097938404896	14.636551835421166	17.166666666666668	23.833333333333332	0.00035086113982552014	0.0003263150055456965	16.85667172842477	16.333333333333332	15.833333333333334	24.0	FALSE
245	F7	2020-06-22-R3	Trehalose	High	CD3014	RT001	7	0	0	0.095	0.091	0.211	3.9486666666666665	1.303370786516854	0.095	6.127398139777718e-06	0.2560196510689421	0.22882687287107037	0.25812289144079936	0.22962084145685283	6.5	0.11445255459920929	0.06380442312770133	6.056196674571508	5.333333333333333	6.5	0.0	0.0	4.282330615916768	0.0	0.0	6.666666666666667	FALSE
245	F7	2020-06-22-R3	Trehalose	High	CD3014	RT001	7	0	0	0.095	0.091	0.211	3.9486666666666665	1.303370786516854	0.095	6.127398139777718e-06	9.687440424051081	7.530859952650565	0.7383121227059861	0.5529145980070127	23.666666666666668	0.1801655555687069	-0.005309776065864683	3.8472791226490055	8.666666666666666	23.833333333333332	0.0004927523628295294	0.00028350617179773163	7.438403369334132	6.666666666666667	6.666666666666667	24.0	FALSE
246	G7	2020-06-22-R3	Water	None	CD3014	RT001	7	1	0	0.088	0.084	0.177	3.3658333333333332	1.0	0.088	2.154217975959652e-06	0.5983670077481975	0.5184076902197323	0.3958710111210557	0.33351860116071985	7.666666666666667	0.11726812819578156	0.06920204564431712	5.91078915664725	6.0	7.666666666666667	0.0	0.0	4.5099847712846035	1.5	0.0	7.833333333333333	FALSE
246	G7	2020-06-22-R3	Water	None	CD3014	RT001	7	1	0	0.088	0.084	0.177	3.3658333333333332	1.0	0.088	2.154217975959652e-06	0.7250229012733395	0.6552223913307076	0.2755890946779027	0.2434081069465585	11.5	0.09408381948613966	-0.01173460389058043	7.367336746591789	9.5	12.0	0.0041728704312680165	0.0032766905776241417	8.084880430716503	7.833333333333333	7.833333333333333	12.166666666666666	FALSE
246	G7	2020-06-22-R3	Water	None	CD3014	RT001	7	1	0	0.088	0.084	0.177	3.3658333333333332	1.0	0.088	2.154217975959652e-06	0.7606523861873553	0.7269953082622022	0.12997300732331563	0.12219374511444314	23.833333333333332	0.020218126199149644	-0.0020265340304167134	34.28345306248501	14.5	23.833333333333332	0.0	0.0	13.829735642586462	12.833333333333334	12.166666666666666	24.0	FALSE
258	C9	2020-06-22-R3	Fructose	Low	CD4010	RT027	9	0	0	0.094	0.087	0.602	8.626499999999998	5.906976744186046	0.094	1.5211809912477286e-05	7.477908891880846	4.008173714867148	3.0898847961554923	1.4085168024588612	10.666666666666666	0.4147024360539253	-0.007459014489154392	1.6714326232455812	8.666666666666666	10.833333333333334	0.0004186096122928973	0.00010235765980559641	6.404789334898389	1.1666666666666667	0.0	11.0	FALSE
258	C9	2020-06-22-R3	Fructose	Low	CD4010	RT027	9	0	0	0.094	0.087	0.602	8.626499999999998	5.906976744186046	0.094	1.5211809912477286e-05	5.054016447397751	4.133528924071008	0.5798708632391092	0.457343111571477	19.333333333333332	0.21576042106372742	-0.31175496500098954	3.2125779934180607	13.0	23.833333333333332	0.5239841187226284	0.40296218154995556	11.988493572826558	11.333333333333334	11.0	24.0	FALSE
259	D9	2020-06-22-R3	Fructose	High	CD4010	RT027	9	0	0	0.093	0.087	0.604	9.0005	5.941860465116279	0.093	2.488549300191436e-05	6.9429103848600695	3.811334533392135	3.1487780687002047	1.4228138496092042	10.833333333333334	0.3798108718630055	-0.008602051563729268	1.8249798305140603	9.166666666666666	10.833333333333334	0.0	0.0	6.431174919530671	0.0	0.0	11.0	FALSE
259	D9	2020-06-22-R3	Fructose	High	CD4010	RT027	9	0	0	0.093	0.087	0.604	9.0005	5.941860465116279	0.093	2.488549300191436e-05	5.969411840745563	4.812902987257805	0.5767336701774626	0.45535540987407064	15.333333333333334	0.27184369946465026	-0.034385029483663135	2.5498004254833946	12.5	23.833333333333332	0.0158313983911591	0.010091376459301138	11.799466312864507	11.333333333333334	11.0	24.0	FALSE
261	F9	2020-06-22-R3	Trehalose	High	CD4010	RT027	9	0	0	0.087	0.082	0.432	6.604666666666666	4.011627906976743	0.087	1.7647252186486777e-05	6.514710525836933	3.6996640611511653	2.5935290395967	1.2791347390393042	10.333333333333334	0.38662444189397427	-0.027158303607533903	1.7928177979757165	8.166666666666666	10.666666666666666	0.013661169868464107	0.0038088472049493394	6.21346195868942	0.0	0.0	10.833333333333334	FALSE
261	F9	2020-06-22-R3	Trehalose	High	CD4010	RT027	9	0	0	0.087	0.082	0.432	6.604666666666666	4.011627906976743	0.087	1.7647252186486777e-05	3.1147105878701002	2.6706103854476417	0.3810976121401983	0.32287855414521416	23.166666666666668	0.18628551740781127	-0.021190034203341996	3.7208860366881127	14.833333333333334	23.833333333333332	0.0071809895570587035	0.005213044440200321	14.195541989565207	11.5	10.833333333333334	24.0	FALSE
262	G9	2020-06-22-R3	Water	None	CD4010	RT027	9	1	0	0.082	0.079	0.168	3.0995	1.0	0.082	1.211424081265965e-06	0.7654855269712435	0.6253598856720722	0.5986226102779062	0.46914238990927504	9.0	0.1829642612667112	0.11680133077491742	3.788429367358955	8.0	9.0	0.0	0.0	6.276713835323688	0.0	0.0	9.166666666666666	FALSE
262	G9	2020-06-22-R3	Water	None	CD4010	RT027	9	1	0	0.082	0.079	0.168	3.0995	1.0	0.082	1.211424081265965e-06	2.140190232655142	1.977309721451065	0.24911379906096154	0.22243433913146182	11.166666666666666	0.14757401904924367	-0.04795892660989635	4.696945878587548	10.166666666666666	11.666666666666666	0.19311883252806172	0.16795092039956672	9.301839942956754	9.166666666666666	9.166666666666666	24.0	FALSE
264	A10	2020-06-22-R3	Glucose	Low	CD4011	RT001	10	0	0	0.096	0.096	0.717	11.779499999999999	5.594594594594594	0.096	5.093740511164939e-05	9.933519954782208	4.970776467171658	4.019086788523654	1.613248002518441	7.666666666666667	0.4455377492946239	0.01949671862900867	1.5557541008754858	5.166666666666667	7.666666666666667	0.0	0.0	3.0054639310720503	0.0	0.0	7.833333333333333	FALSE
264	A10	2020-06-22-R3	Glucose	Low	CD4011	RT001	10	0	0	0.096	0.096	0.717	11.779499999999999	5.594594594594594	0.096	5.093740511164939e-05	4.244743179806072	3.649387627654174	0.44988206037669287	0.37148221545314897	12.0	0.1737117555509596	-0.05084053683659766	3.990214584853502	10.0	23.833333333333332	0.42485721409848143	0.34676536288514237	8.903301899032417	7.833333333333333	7.833333333333333	24.0	FALSE
265	B10	2020-06-22-R3	Glucose	High	CD4011	RT001	10	0	0	0.095	0.092	0.646	11.033499999999998	4.963963963963963	0.095	2.8331145841554413e-05	6.4130657895401475	3.6912757815282755	2.95525752969163	1.375045714066008	7.5	0.39443450277604164	0.11624013528898365	1.7573188341322958	5.333333333333333	7.5	0.0	0.0	3.287401423875343	0.5	0.0	7.666666666666667	FALSE
265	B10	2020-06-22-R3	Glucose	High	CD4011	RT001	10	0	0	0.095	0.092	0.646	11.033499999999998	4.963963963963963	0.095	2.8331145841554413e-05	9.016282189766402	7.06385641230852	0.6931365078640448	0.5265827306530506	14.0	0.20392761189331238	-0.03121024605244599	3.3989864056397376	9.5	23.833333333333332	0.1685662893765285	0.10487018425611816	8.086824206791881	7.666666666666667	7.666666666666667	24.0	FALSE
266	C10	2020-06-22-R3	Fructose	Low	CD4011	RT001	10	0	0	0.097	0.094	0.636	10.125666666666667	4.8558558558558556	0.097	3.0690556385947825e-05	9.07025096323002	4.7430800733161425	3.4118675767739086	1.484298086610334	7.666666666666667	0.45277638911069074	-0.04453630525129799	1.5308819038054806	5.333333333333333	8.0	0.03195230083145795	0.007268705801199538	3.397045618908037	0.0	0.0	8.166666666666666	FALSE
266	C10	2020-06-22-R3	Fructose	Low	CD4011	RT001	10	0	0	0.097	0.094	0.636	10.125666666666667	4.8558558558558556	0.097	3.0690556385947825e-05	4.119092485904028	3.492493091064351	0.5220040769864771	0.4200279381392422	11.0	0.3066297577516385	-0.07544872228804225	2.260534612303921	9.833333333333334	17.5	0.49303487466000395	0.3914704114471146	9.171674532174295	8.666666666666666	8.166666666666666	24.0	FALSE
267	D10	2020-06-22-R3	Fructose	High	CD4011	RT001	10	0	0	0.111	0.104	0.679	11.613333333333333	5.117117117117117	0.111	4.099012505653595e-05	8.068837148862755	4.381940310891095	3.3387533198687818	1.4675870533606723	8.0	0.35592321862058274	0.08417653500759233	1.947462666937855	5.666666666666667	8.0	0.0	0.0	3.0898449920061215	0.5	0.0	8.166666666666666	FALSE
267	D10	2020-06-22-R3	Fructose	High	CD4011	RT001	10	0	0	0.111	0.104	0.679	11.613333333333333	5.117117117117117	0.111	4.099012505653595e-05	4.643353469922555	4.030611961256442	0.39507525359300244	0.33294835904629627	12.0	0.1485426049351508	-0.017831567290438492	4.666319005665427	9.666666666666666	19.666666666666668	0.16714105691203862	0.12761511652180135	8.497582154672749	8.166666666666666	8.166666666666666	24.0	FALSE
268	E10	2020-06-22-R3	Trehalose	Low	CD4011	RT001	10	0	0	0.09	0.087	0.19	3.8078333333333334	0.9009009009009008	0.09	1.38069373885792e-06	0.290041950408259	0.2617427198776532	0.2714247145902644	0.24013809420984858	5.333333333333333	0.1500134527259819	0.031457153038282094	4.620566808938557	4.5	5.333333333333333	0.0	0.0	3.4503386951012085	0.6666666666666666	0.0	5.5	FALSE
268	E10	2020-06-22-R3	Trehalose	Low	CD4011	RT001	10	0	0	0.09	0.087	0.19	3.8078333333333334	0.9009009009009008	0.09	1.38069373885792e-06	0.4432677064933257	0.3883505256885929	0.4039109122387061	0.33926185076896953	7.833333333333333	0.2531300198282044	0.04701792569607398	2.7383049273664737	6.833333333333333	7.833333333333333	0.0	0.0	6.105319834247216	5.5	5.5	8.0	FALSE
268	E10	2020-06-22-R3	Trehalose	Low	CD4011	RT001	10	0	0	0.09	0.087	0.19	3.8078333333333334	0.9009009009009008	0.09	1.38069373885792e-06	2.062336991241658	1.9323407626112912	0.16229069928267537	0.15039279864176858	17.5	0.08722035535136682	-0.044672006543239384	7.947080446618279	9.0	23.833333333333332	0.0351795504146144	0.03073494478424721	8.304905499053277	8.0	8.0	24.0	FALSE
270	G10	2020-06-22-R3	Water	None	CD4011	RT001	10	1	0	0.09	0.087	0.201	3.9311666666666665	1.0	0.09	2.1404116927417196e-06	0.29658082911147354	0.26949659354135247	0.28328164127573796	0.24942057929494232	5.333333333333333	0.12070751359450088	0.11637127734558472	5.742369798855034	4.833333333333333	5.333333333333333	0.0	0.0	3.2594376370415414	0.8333333333333334	0.0	5.5	FALSE
270	G10	2020-06-22-R3	Water	None	CD4011	RT001	10	1	0	0.09	0.087	0.201	3.9311666666666665	1.0	0.09	2.1404116927417196e-06	10.454857255613284	8.152590826678011	0.7121339956310453	0.5377405431328108	15.5	0.1634095955984343	-0.02767015660680364	4.24177771214426	7.5	18.666666666666668	0.17413014402726024	0.10725516775874594	5.829498371906046	5.5	5.5	24.0	FALSE
272	A11	2020-06-22-R3	Glucose	Low	CD4015	RT027	11	0	0	0.086	0.086	0.613	9.299333333333333	7.637681159420289	0.086	8.111511842165298e-05	5.966429999134794	3.4788376791645628	3.101756400155298	1.4114152722591229	9.166666666666666	0.42774911260497833	0.1959144487701289	1.6204526441649434	7.333333333333333	9.166666666666666	0.0	0.0	5.37155359371274	0.0	0.0	9.333333333333334	FALSE
272	A11	2020-06-22-R3	Glucose	Low	CD4015	RT027	11	0	0	0.086	0.086	0.613	9.299333333333333	7.637681159420289	0.086	8.111511842165298e-05	6.786054064211837	5.504656687639392	0.6142860192767867	0.47889276559548644	21.333333333333332	0.1992352835812771	-0.07442459550635991	3.4790382913133917	10.0	23.833333333333332	0.14903856616412692	0.09686862741562763	9.343236383831602	9.333333333333334	9.333333333333334	24.0	FALSE
274	C11	2020-06-22-R3	Fructose	Low	CD4015	RT027	11	0	0	0.088	0.084	0.646	8.8885	8.08695652173913	0.088	3.415710371024508e-05	0.19145885866665963	0.15913931635798328	0.3713252200650321	0.31577758620949453	5.833333333333333	0.2432169861102444	0.2432169861102444	2.8499127122879417	5.833333333333333	5.833333333333333	0.0	0.0	4.534996439764723	0.6666666666666666	0.0	6.0	FALSE
274	C11	2020-06-22-R3	Fructose	Low	CD4015	RT027	11	0	0	0.088	0.084	0.646	8.8885	8.08695652173913	0.088	3.415710371024508e-05	2.701538199514185	1.8070197093864506	1.7016056658066114	0.9938462872911273	9.333333333333334	0.4300404865507565	0.06976859760248566	1.6118184269567257	7.833333333333333	9.333333333333334	0.0	0.0	6.489110437843518	6.0	6.0	9.5	FALSE
274	C11	2020-06-22-R3	Fructose	Low	CD4015	RT027	11	0	0	0.088	0.084	0.646	8.8885	8.08695652173913	0.088	3.415710371024508e-05	7.564934893861714	5.810390663941632	0.8539364974956598	0.6173112149365994	19.166666666666668	0.2754846752015808	-0.3681367914062063	2.516100687099011	10.833333333333334	22.833333333333332	1.040621566529432	0.8239480904167626	10.070703336925536	9.5	9.5	24.0	FALSE
275	D11	2020-06-22-R3	Fructose	High	CD4015	RT027	11	0	0	0.097	0.09	0.675	9.474833333333335	8.376811594202898	0.097	1.6231943140337154e-05	0.16317720560902685	0.12479343357537394	0.38354853863649874	0.32465160357339806	6.333333333333333	0.21413451433190248	0.20860904610720654	3.2369708485460995	6.0	6.333333333333333	0.0	0.0	4.813258472145899	0.5	0.0	6.5	FALSE
275	D11	2020-06-22-R3	Fructose	High	CD4015	RT027	11	0	0	0.097	0.09	0.675	9.474833333333335	8.376811594202898	0.097	1.6231943140337154e-05	2.1821470353552908	1.5277034445781135	1.4147191940510324	0.8815830045887202	9.666666666666666	0.4088163419585586	0.04546272526431581	1.6954977319135864	8.166666666666666	9.666666666666666	0.0	0.0	6.977114088509772	6.5	6.5	9.833333333333334	FALSE
275	D11	2020-06-22-R3	Fructose	High	CD4015	RT027	11	0	0	0.097	0.09	0.675	9.474833333333335	8.376811594202898	0.097	1.6231943140337154e-05	0.9531185419906325	0.7781652229146799	0.6224515589488671	0.4839383133407793	12.666666666666666	0.31879207553435474	-0.016040147008108824	2.174292379752859	11.333333333333334	12.833333333333334	0.0018856000135418771	0.0011628677400776777	10.556998019031228	9.833333333333334	9.833333333333334	13.0	FALSE
275	D11	2020-06-22-R3	Fructose	High	CD4015	RT027	11	0	0	0.097	0.09	0.675	9.474833333333335	8.376811594202898	0.097	1.6231943140337154e-05	1.2875521713579718	1.1802161647552512	0.2548159557326779	0.2269889130111744	23.833333333333332	0.044471267556359585	0.002911186541257034	15.586404855258555	18.0	23.833333333333332	0.0	0.0	15.726012028819222	13.5	13.0	24.0	FALSE
276	E11	2020-06-22-R3	Trehalose	Low	CD4015	RT027	11	0	0	0.094	0.087	0.39	5.623666666666667	4.2898550724637685	0.094	2.0452733426839304e-05	5.7175084584256854	3.6494929708242254	1.715283104241236	0.9988962220717327	11.166666666666666	0.2541327122625249	-0.003386676072438904	2.7275008179344833	7.666666666666667	11.333333333333334	0.0006407560277708058	0.0002360091446396151	5.632431244638645	1.6666666666666667	0.0	11.5	FALSE
276	E11	2020-06-22-R3	Trehalose	Low	CD4015	RT027	11	0	0	0.094	0.087	0.39	5.623666666666667	4.2898550724637685	0.094	2.0452733426839304e-05	3.4468819629694964	2.918386720242587	0.5434394708306933	0.43401334866193675	23.833333333333332	0.07402544638512025	0.02996805397663961	9.363633917907368	14.5	23.833333333333332	0.0	0.0	13.093108188219626	11.5	11.5	24.0	FALSE
277	F11	2020-06-22-R3	Trehalose	High	CD4015	RT027	11	0	0	0.1	0.091	0.539	8.043000000000001	6.362318840579711	0.1	2.4059763141352254e-05	4.03507994262333	2.485096453750104	2.0850436549749176	1.1265658079784358	9.666666666666666	0.3431224249116037	0.04486836029115969	2.0201162332613967	8.166666666666666	9.666666666666666	0.0	0.0	5.830395404254757	1.0	0.0	9.833333333333334	FALSE
277	F11	2020-06-22-R3	Trehalose	High	CD4015	RT027	11	0	0	0.1	0.091	0.539	8.043000000000001	6.362318840579711	0.1	2.4059763141352254e-05	7.376104913195969	5.781374057610096	0.7458197122521868	0.5572241944984568	23.333333333333332	0.23944627742163518	-0.03157771800175232	2.8947920511597642	11.5	23.833333333333332	0.011996967500692568	0.006895544691971622	10.679845911867341	9.833333333333334	9.833333333333334	24.0	FALSE
278	G11	2020-06-22-R3	Water	None	CD4015	RT027	11	1	0	0.089	0.079	0.158	2.917333333333333	1.0	0.089	2.046319066801815e-06	-0.023928260639401316	-0.08020494008894966	0.35681530101937	0.30514026327623694	8.166666666666666	0.16252600728748026	0.127236593602558	4.264838545709724	7.0	8.166666666666666	0.0	0.0	6.175085055615844	1.3333333333333333	0.0	8.333333333333334	FALSE
278	G11	2020-06-22-R3	Water	None	CD4015	RT027	11	1	0	0.089	0.079	0.158	2.917333333333333	1.0	0.089	2.046319066801815e-06	2.3904618529479964	2.1921629996429104	0.30098271451772507	0.263119913137512	11.0	0.1350167466671942	-0.04810066010211661	5.133786716610046	9.333333333333334	11.833333333333334	0.2618837583984248	0.2247659638623608	8.374096961021566	8.333333333333334	8.333333333333334	24.0	FALSE
280	A12	2020-06-22-R3	Glucose	Low	M120	RT078	12	0	0	0.091	0.091	0.508	8.503833333333334	3.971428571428572	0.091	1.7159407699639783e-06	0.932549983234759	0.7720575770942644	0.8248653493741394	0.6015062031476356	4.0	0.3407426509372642	0.3394802727905848	2.0342248868855695	3.8333333333333335	4.0	0.0	0.0	2.234553352821133	0.0	0.0	4.166666666666667	FALSE
280	A12	2020-06-22-R3	Glucose	Low	M120	RT078	12	0	0	0.091	0.091	0.508	8.503833333333334	3.971428571428572	0.091	1.7159407699639783e-06	25.542175429113463	15.255564558796486	1.8752118401338667	1.0561263550596394	13.0	0.3583336003758844	-0.7118425905446497	1.9343627832635524	5.0	21.5	2.033620022456821	1.2285865144475063	4.191719272937055	4.166666666666667	4.166666666666667	24.0	FALSE
285	F12	2020-06-22-R3	Trehalose	High	M120	RT078	12	0	0	0.104	0.098	0.582	9.801666666666666	4.552380952380952	0.104	8.628016028788681e-07	12.501325912674734	6.588973976367829	3.189976492042515	1.432695123427261	9.666666666666666	0.3124457045996245	0.03310104487623984	2.2184564241270683	4.833333333333333	9.666666666666666	0.0	0.0	2.753011876776866	0.8333333333333334	0.0	9.833333333333334	FALSE
285	F12	2020-06-22-R3	Trehalose	High	M120	RT078	12	0	0	0.104	0.098	0.582	9.801666666666666	4.552380952380952	0.104	8.628016028788681e-07	3.2933532428033754	2.8976278542134386	0.365394192312694	0.31144317252345965	23.5	0.04200731591426478	-0.004301344172688432	16.5006300801182	12.166666666666666	23.833333333333332	0.0006764496965967481	0.0004955472351042545	10.086662479188504	9.833333333333334	9.833333333333334	24.0	FALSE
286	G12	2020-06-22-R3	Water	None	M120	RT078	12	1	0	0.106	0.093	0.211	4.210166666666666	1.0	0.106	4.2513457891324777e-07	0.329507373963381	0.2576273434806943	0.35806426507079103	0.30606035133843423	6.166666666666667	0.14279098042621655	0.05680858201387935	4.854278459962748	4.333333333333333	6.166666666666667	0.0	0.0	3.4809970078605508	1.0	0.0	6.333333333333333	FALSE
286	G12	2020-06-22-R3	Water	None	M120	RT078	12	1	0	0.106	0.093	0.211	4.210166666666666	1.0	0.106	4.2513457891324777e-07	7.021333965246443	5.812863231449869	0.48702640704944367	0.39677842592789714	15.166666666666666	0.09829156604800016	-0.00961303240493922	7.051949708700852	8.333333333333334	23.833333333333332	0.041242546553961645	0.02812678743320074	6.752282021776381	6.333333333333333	6.333333333333333	24.0	FALSE
