Sample_ID	Well	Plate_ID	Substrate	Concentration	Isolate	Ribotype	Group	Control	Flag	OD_Baseline	OD_Min	OD_Max	OD_Emp_AUC	Fold_Change	OD_Offset	MSE	dx_auc_lin	dx_auc_log	dx_k_lin	dx_k_log	dx_t_k	dx_gr	dx_dr	dx_td	dx_t_gr	dx_t_dr	dx_death_lin	dx_death_log	dx_lagC	dx_lagP	dx_t0	dx_tf	K_Error > 20%
4	E1	2020-06-22-R1	Trehalose	Low	CD1007	RT053	1	0	0	0.096	0.092	0.194	3.632333333333333	0.7259259259259259	0.096	1.315880957181849e-06	0.6134859818752143	0.5207343734768524	0.4739136515534179	0.38792121101553595	7.833333333333333	0.1531923277667767	0.09827717532534015	4.52468599873492	6.666666666666667	7.833333333333333	0.0	0.0	5.134021836529662	1.0	0.0	8.0	FALSE
4	E1	2020-06-22-R1	Trehalose	Low	CD1007	RT053	1	0	0	0.096	0.092	0.194	3.632333333333333	0.7259259259259259	0.096	1.315880957181849e-06	3.487854237812247	3.110044209199413	0.34448160227482694	0.2960085129402084	11.0	0.15008797997547582	-0.030975329311039843	4.618272433763214	9.333333333333334	18.166666666666668	0.25197397522082876	0.2075328836918452	8.307690723824154	8.0	8.0	24.0	FALSE
5	F1	2020-06-22-R1	Trehalose	High	CD1007	RT053	1	0	0	0.104	0.1	0.201	3.777833333333333	0.7185185185185186	0.104	7.095104932515393e-06	0.8696533408248761	0.7312696088771868	0.5215489471566659	0.41972886016715266	7.833333333333333	0.1785814317245116	0.006139552256828375	3.8814067838207715	6.5	7.833333333333333	0.0	0.0	4.970948821118695	0.0	0.0	8.0	FALSE
5	F1	2020-06-22-R1	Trehalose	High	CD1007	RT053	1	0	0	0.104	0.1	0.201	3.777833333333333	0.7185185185185186	0.104	7.095104932515393e-06	1.9664036040308144	1.8139208528786541	0.22244181652567185	0.20085034739023588	10.5	0.16140511533860696	-0.060829263518552286	4.294456090228693	9.5	11.166666666666666	0.2151604084561507	0.19359532078704378	8.916188753965095	8.0	8.0	24.0	FALSE
6	G1	2020-06-22-R1	Water	None	CD1007	RT053	1	1	0	0.096	0.093	0.231	4.132	1.0	0.096	2.4791104353718567e-06	0.9303037815047074	0.7827452101909232	0.5461648813934654	0.43577759479767775	8.333333333333334	0.14917127519935838	0.07431739286376256	4.646653181945358	6.666666666666667	8.333333333333334	0.0	0.0	5.059472688869456	1.1666666666666667	0.0	8.5	FALSE
6	G1	2020-06-22-R1	Water	None	CD1007	RT053	1	1	0	0.096	0.093	0.231	4.132	1.0	0.096	2.4791104353718567e-06	0.6822227975539025	0.610089049279993	0.323016485728838	0.27991434592354086	12.166666666666666	0.11599810335879192	0.003513676256011095	5.975504430585237	10.166666666666666	12.166666666666666	0.0	0.0	8.866123970035833	8.5	8.5	12.333333333333334	FALSE
6	G1	2020-06-22-R1	Water	None	CD1007	RT053	1	1	0	0.096	0.093	0.231	4.132	1.0	0.096	2.4791104353718567e-06	1.0419925218408659	0.9856312380388282	0.15598706205273305	0.14495457819164914	23.833333333333332	0.027229679960711968	0.012079678063880963	25.455575737946415	14.166666666666666	23.833333333333332	0.0	0.0	13.250001088412649	12.333333333333334	12.333333333333334	24.0	FALSE
8	A2	2020-06-22-R1	Glucose	Low	CD1015	RT078	2	0	0	0.099	0.097	0.464	8.393666666666666	2.8076923076923075	0.099	2.1477726738738723e-06	0.8361668506521115	0.6783253799926122	0.80562977131315	0.5909094347066747	3.6666666666666665	0.32244602451097887	0.25871462896529096	2.1496533617096727	2.8333333333333335	3.6666666666666665	0.0	0.0	1.7664700039948844	0.3333333333333333	0.0	3.8333333333333335	FALSE
8	A2	2020-06-22-R1	Glucose	Low	CD1015	RT078	2	0	0	0.099	0.097	0.464	8.393666666666666	2.8076923076923075	0.099	2.1477726738738723e-06	22.322437040925763	14.44278922837924	1.492191303487894	0.9131623650284841	13.833333333333334	0.2940365496614399	-0.41057696615707434	2.357350408845601	4.833333333333333	22.166666666666668	1.453063261081964	0.8747804243099995	3.920702732449938	3.8333333333333335	3.8333333333333335	24.0	FALSE
14	G2	2020-06-22-R1	Water	None	CD1015	RT078	2	1	0	0.092	0.091	0.222	4.431666666666666	1.0	0.092	3.104381682311115e-07	0.12162601985152799	0.11667617557248737	0.13176774989105478	0.12378079079040566	3.1666666666666665	0.0827835016472441	0.0792801875851074	8.373011128637375	2.8333333333333335	3.1666666666666665	0.0	0.0	1.6661752458245034	0.3333333333333333	0.0	3.3333333333333335	FALSE
14	G2	2020-06-22-R1	Water	None	CD1015	RT078	2	1	0	0.092	0.091	0.222	4.431666666666666	1.0	0.092	3.104381682311115e-07	0.5301986233420168	0.4699167943427033	0.40012214257156953	0.33655947750959414	6.166666666666667	0.1578450124724744	0.09186149171395867	4.391315060910264	5.0	6.166666666666667	0.0	0.0	3.8370990787392887	3.3333333333333335	3.3333333333333335	6.333333333333333	FALSE
14	G2	2020-06-22-R1	Water	None	CD1015	RT078	2	1	0	0.092	0.091	0.222	4.431666666666666	1.0	0.092	3.104381682311115e-07	7.148380200973678	5.927051953133679	0.48587961293846016	0.3960069288404312	15.166666666666666	0.12543265497553274	-0.008300547813186366	5.526050458671648	7.666666666666667	23.833333333333332	0.06664501445772775	0.04588921770256649	6.582237004173756	6.333333333333333	6.333333333333333	24.0	FALSE
18	C3	2020-06-22-R1	Fructose	Low	CD2001	RT078	3	0	0	0.089	0.089	0.57	7.604833333333334	3.5367647058823524	0.089	6.365315530845344e-07	0.3620367290742874	0.3210196067833411	0.435212397850379	0.36131285069811253	3.0	0.2706169869199512	0.23903836147259253	2.5613587249235725	2.5	3.0	0.0	0.0	1.642359682640655	0.0	0.0	3.1666666666666665	FALSE
18	C3	2020-06-22-R1	Fructose	Low	CD2001	RT078	3	0	0	0.089	0.089	0.57	7.604833333333334	3.5367647058823524	0.089	6.365315530845344e-07	33.86642438995938	16.7784569487099	3.2875704886196093	1.4557202528512845	11.666666666666666	0.40875270713635004	-0.613069251735536	1.6957616878332455	4.666666666666667	17.0	3.3634737807867157	1.5346588035116273	3.464602905909268	3.1666666666666665	3.1666666666666665	24.0	FALSE
22	G3	2020-06-22-R1	Water	None	CD2001	RT078	3	1	0	0.102	0.1	0.238	4.8335	1.0	0.102	2.1106577973991558e-07	1.1666866188995981	0.9692129955718302	0.6568252312691583	0.5049032598999603	6.0	0.19513734245453024	0.08529239361683043	3.5520991105096065	4.333333333333333	6.0	0.0	0.0	2.9379878042696577	0.5	0.0	6.166666666666667	FALSE
22	G3	2020-06-22-R1	Water	None	CD2001	RT078	3	1	0	0.102	0.1	0.238	4.8335	1.0	0.102	2.1106577973991558e-07	5.952343076457486	5.083233570277119	0.3984391541687333	0.3353567247897	13.666666666666666	0.10201930135386864	-0.009622760304649813	6.794274920151281	7.333333333333333	23.833333333333332	0.047441126379876186	0.034513125628501506	6.271599106848784	6.166666666666667	6.166666666666667	24.0	FALSE
26	C4	2020-06-22-R1	Fructose	Low	CD2015	RT027	4	0	0	0.099	0.095	0.586	8.305666666666667	6.7638888888888875	0.099	2.5615117059298203e-05	5.519379925229735	3.128371142110332	2.902744917853716	1.3616801306575745	8.666666666666666	0.5045128498043356	-0.0064769690144510185	1.3738940065228613	7.0	8.666666666666666	0.0	0.0	5.276949837957617	0.0	0.0	8.833333333333334	FALSE
26	C4	2020-06-22-R1	Fructose	Low	CD2015	RT027	4	0	0	0.099	0.095	0.586	8.305666666666667	6.7638888888888875	0.099	2.5615117059298203e-05	2.7464363438075567	1.7341064389633047	0.5173160053474373	0.41694298806485697	17.333333333333332	0.22867274017268885	-0.43414382466524687	3.0311753820612597	10.5	21.333333333333332	1.1001214109181707	1.2911455007893917	9.81284820742132	9.333333333333334	8.833333333333334	24.0	FALSE
27	D4	2020-06-22-R1	Fructose	High	CD2015	RT027	4	0	0	0.106	0.101	0.582	9.409	6.61111111111111	0.106	3.1588788925724224e-05	4.8069503168175185	2.7485792879152773	2.708565683741342	1.310645193711171	8.666666666666666	0.503035521434981	0.026345741939414812	1.3779288957222018	7.0	8.666666666666666	0.0	0.0	5.387181382551198	0.0	0.0	8.833333333333334	FALSE
27	D4	2020-06-22-R1	Fructose	High	CD2015	RT027	4	0	0	0.106	0.101	0.582	9.409	6.61111111111111	0.106	3.1588788925724224e-05	4.841254097390133	4.112468766788877	0.47237323385427765	0.3868755437744198	22.0	0.11798581750826052	-0.014265436926472785	5.874834748773225	10.166666666666666	22.666666666666668	0.014143671755099563	0.009652472582467375	9.572104873994114	8.833333333333334	8.833333333333334	24.0	FALSE
36	E5	2020-06-22-R1	Trehalose	Low	CD2048	RT053	5	0	0	0.097	0.093	0.22	4.252166666666667	1.1941747572815533	0.097	1.5104336840301537e-06	0.9099150573290709	0.7687668408487127	0.5508422669507302	0.43879818137663673	7.0	0.1539821089018136	0.09012738273082908	4.501478681539095	5.5	7.0	0.0	0.0	3.862843369657123	1.3333333333333333	0.0	7.166666666666667	FALSE
36	E5	2020-06-22-R1	Trehalose	Low	CD2048	RT053	5	0	0	0.097	0.093	0.22	4.252166666666667	1.1941747572815533	0.097	1.5104336840301537e-06	5.753654154198626	4.899145755913417	0.4269870204714259	0.3555652427780889	19.333333333333332	0.13469869407321303	-0.008745040716533703	5.145908691462129	8.666666666666666	20.166666666666668	0.025393972418589428	0.01795576159836465	7.413418184469507	7.166666666666667	7.166666666666667	24.0	FALSE
37	F5	2020-06-22-R1	Trehalose	High	CD2048	RT053	5	0	0	0.097	0.095	0.211	4.152833333333333	1.106796116504854	0.097	2.639193344843814e-06	0.623863165754818	0.5531812887508162	0.41766966401210714	0.34901444188197034	6.333333333333333	0.12969124587653588	0.11548834729252971	5.344594971504947	5.5	6.333333333333333	0.0	0.0	3.6012258429968957	0.0	0.0	6.5	FALSE
37	F5	2020-06-22-R1	Trehalose	High	CD2048	RT053	5	0	0	0.097	0.095	0.211	4.152833333333333	1.106796116504854	0.097	2.639193344843814e-06	0.9235134774153446	0.8017372963862566	0.4077756890222832	0.3420109332704355	9.833333333333334	0.138777595866338	-0.012519933498202202	4.994661971429032	8.0	10.166666666666666	0.0022798405357185025	0.0016207756730202139	6.6573579898007935	6.5	6.5	10.333333333333334	FALSE
37	F5	2020-06-22-R1	Trehalose	High	CD2048	RT053	5	0	0	0.097	0.095	0.211	4.152833333333333	1.106796116504854	0.097	2.639193344843814e-06	0.4195138576494963	0.4052192093497325	0.0742089188687658	0.07158450125569016	19.666666666666668	0.049586758795097226	-0.013184041774189534	13.97847323363427	14.833333333333334	21.166666666666668	0.031201893247003953	0.029476589284897825	14.698553094719092	11.166666666666666	10.333333333333334	24.0	FALSE
38	G5	2020-06-22-R1	Water	None	CD2048	RT053	5	1	0	0.092	0.089	0.195	3.8444999999999996	1.0	0.092	1.3070989884152758e-06	0.9178054039751168	0.7777563231050909	0.5412166073201357	0.43257210928936946	7.166666666666667	0.16779901269753167	0.06339705056213389	4.130817991220169	5.666666666666667	7.166666666666667	0.0	0.0	4.16628608843607	0.8333333333333334	0.0	7.333333333333333	FALSE
38	G5	2020-06-22-R1	Water	None	CD2048	RT053	5	1	0	0.092	0.089	0.195	3.8444999999999996	1.0	0.092	1.3070989884152758e-06	4.804064306890247	4.182049755739155	0.3570343836315306	0.3053017185063299	15.5	0.12920029440019312	-0.016742315262838182	5.364904033522923	8.833333333333334	19.5	0.09452154659567147	0.07219766844144992	7.760136701788804	7.333333333333333	7.333333333333333	24.0	FALSE
40	A6	2020-06-22-R1	Glucose	Low	CD2058	Unknown	6	0	0	0.094	0.092	0.625	8.875166666666665	5.363636363636363	0.094	5.4166633194977756e-05	22.071922526537318	10.528105747277692	3.7217567052638767	1.5521809136730509	8.5	0.45019718391455926	-0.08567961380273113	1.5396524130446234	6.0	12.5	0.9593839096860006	0.2271310926538619	3.984816325560419	0.0	0.0	12.666666666666666	FALSE
40	A6	2020-06-22-R1	Glucose	Low	CD2058	Unknown	6	0	0	0.094	0.092	0.625	8.875166666666665	5.363636363636363	0.094	5.4166633194977756e-05	4.546197332497564	3.6090476275608503	0.7056774016616034	0.5339623348588642	17.5	0.2738686373895381	-0.08543428954464748	2.5309476366731425	15.5	23.833333333333332	0.32308427366793535	0.21000152069249411	14.742329742819715	13.833333333333334	12.666666666666666	24.0	FALSE
41	B6	2020-06-22-R1	Glucose	High	CD2058	Unknown	6	0	0	0.102	0.102	0.662	9.697999999999999	5.656565656565657	0.102	0.00022824232377780874	20.810534461757346	10.163330467030274	3.405987731122564	1.482964463792199	8.833333333333334	0.46567315262658	-0.17077806299524334	1.4884843084689812	6.166666666666667	12.666666666666666	0.9150282488458288	0.2327878420738827	4.325190390245027	0.0	0.0	12.833333333333334	FALSE
41	B6	2020-06-22-R1	Glucose	High	CD2058	Unknown	6	0	0	0.102	0.102	0.662	9.697999999999999	5.656565656565657	0.102	0.00022824232377780874	6.714832522853341	4.975829160071959	0.8378398999860355	0.6085909145824779	16.666666666666668	0.4266574793954964	-0.03988973385795506	1.6245986863795778	15.0	19.333333333333332	0.08270036222777	0.04604255213112918	14.403603367201296	13.666666666666666	12.833333333333334	24.0	FALSE
42	C6	2020-06-22-R1	Fructose	Low	CD2058	Unknown	6	0	0	0.093	0.091	0.382	5.977999999999999	2.9191919191919196	0.093	3.0642698639354324e-05	0.1949319861286183	0.1796968894173493	0.2409410605730018	0.2158700115998575	4.166666666666667	0.1469349789685156	0.14102905824639955	4.717373530971607	3.8333333333333335	4.166666666666667	0.0	0.0	2.692079266237206	0.0	0.0	4.333333333333333	FALSE
42	C6	2020-06-22-R1	Fructose	Low	CD2058	Unknown	6	0	0	0.093	0.091	0.382	5.977999999999999	2.9191919191919196	0.093	3.0642698639354324e-05	12.233956441561883	7.829224723733003	1.5376618748343889	0.9312431353713991	9.333333333333334	0.35050527893502115	-0.18085615402342672	1.9775655952059006	6.5	15.166666666666666	0.32461888930712934	0.13687465039386137	5.167299906533522	4.333333333333333	4.333333333333333	15.333333333333334	FALSE
42	C6	2020-06-22-R1	Fructose	Low	CD2058	Unknown	6	0	0	0.093	0.091	0.382	5.977999999999999	2.9191919191919196	0.093	3.0642698639354324e-05	2.255136152718999	1.9149588208982664	0.5275324936319217	0.4236536842641485	17.5	0.5818104227417824	-0.09984407640960484	1.1913626044949286	16.666666666666668	19.333333333333332	0.3946931785911749	0.29892653483496656	16.446825253719794	16.0	15.333333333333334	24.0	FALSE
44	E6	2020-06-22-R1	Trehalose	Low	CD2058	Unknown	6	0	0	0.093	0.092	0.358	5.414	2.676767676767677	0.093	1.6655319579247362e-05	7.424902319401693	5.037236849592039	1.3719176825367057	0.8636987767123371	9.166666666666666	0.22684807753748112	-0.07863108937907659	3.055556776518944	7.166666666666667	12.0	0.1865964114478671	0.08193592415007678	4.497053137986663	0.0	0.0	12.166666666666666	FALSE
44	E6	2020-06-22-R1	Trehalose	Low	CD2058	Unknown	6	0	0	0.093	0.092	0.358	5.414	2.676767676767677	0.093	1.6655319579247362e-05	5.925568169248003	4.594634537302173	0.7914572485393434	0.5830293939779067	16.5	0.31359295339646914	-0.044189610537219454	2.2103404207670874	14.5	23.833333333333332	0.32208103894247375	0.19819143046103305	13.699877105341661	13.0	12.166666666666666	24.0	FALSE
45	F6	2020-06-22-R1	Trehalose	High	CD2058	Unknown	6	0	0	0.086	0.085	0.356	5.700666666666667	2.7272727272727275	0.086	6.584242821195728e-06	0.44886366812839623	0.4005973401287304	0.41341076196024185	0.3460057634809775	5.333333333333333	0.22254338462874454	0.22254338462874454	3.114660908551742	5.333333333333333	5.333333333333333	0.0	0.0	3.7785544120987264	0.0	0.0	5.5	FALSE
45	F6	2020-06-22-R1	Trehalose	High	CD2058	Unknown	6	0	0	0.086	0.085	0.356	5.700666666666667	2.7272727272727275	0.086	6.584242821195728e-06	3.7512457600270928	2.8303734514208503	0.8208291602826703	0.5992919799153682	9.166666666666666	0.2674396916506454	-0.021893467629181717	2.5917887366748786	6.666666666666667	11.5	0.013133943799582548	0.007239307109782489	5.609847959274904	5.5	5.5	11.666666666666666	FALSE
45	F6	2020-06-22-R1	Trehalose	High	CD2058	Unknown	6	0	0	0.086	0.085	0.356	5.700666666666667	2.7272727272727275	0.086	6.584242821195728e-06	4.758818039553038	3.953752567915964	0.542054981382986	0.4331159303958746	15.166666666666666	0.4168270581961985	-0.07402670551038383	1.662913112117794	13.0	15.5	0.19872027532291692	0.1379608212249701	12.448961718713223	12.0	11.666666666666666	24.0	FALSE
46	G6	2020-06-22-R1	Water	None	CD2058	Unknown	6	1	0	0.087	0.086	0.186	3.3848333333333334	1.0	0.087	1.163386274814965e-06	0.728976911169438	0.6306108037165583	0.49354714303868286	0.4011539236520336	6.833333333333333	0.16463690387264063	0.0996058606192885	4.210156801151632	5.666666666666667	6.833333333333333	0.0	0.0	4.1852990299257655	0.0	0.0	7.0	FALSE
46	G6	2020-06-22-R1	Water	None	CD2058	Unknown	6	1	0	0.087	0.086	0.186	3.3848333333333334	1.0	0.087	1.163386274814965e-06	3.3521574926876228	2.9710167939538854	0.40660064138138896	0.34117590087162075	10.0	0.1729272378065925	-0.043196752875401714	4.008316962393073	8.333333333333334	15.0	0.3297190603778315	0.2671064613855407	7.313870919080541	7.0	7.0	24.0	FALSE
48	A7	2020-06-22-R1	Glucose	Low	CD3014	RT001	7	0	0	0.094	0.092	0.675	10.426166666666665	7.545454545454547	0.094	2.6009669415617784e-05	2.6484978459730084	1.896867949477357	1.7131822365548617	0.9981222030223807	7.0	0.36019457818017847	0.2898208836908059	1.9243687233215805	5.833333333333333	7.0	0.0	0.0	4.131860659589631	0.0	0.0	7.166666666666667	FALSE
48	A7	2020-06-22-R1	Glucose	Low	CD3014	RT001	7	0	0	0.094	0.092	0.675	10.426166666666665	7.545454545454547	0.094	2.6009669415617784e-05	18.5920234957211	12.235270567772062	1.480130920505264	0.908311349309836	11.833333333333334	0.337703092138905	-0.04759034349327618	2.052534302158057	8.666666666666666	13.333333333333334	0.6379627607373175	0.2973681236957235	7.298723872701313	7.166666666666667	7.166666666666667	24.0	FALSE
49	B7	2020-06-22-R1	Glucose	High	CD3014	RT001	7	0	0	0.091	0.09	0.58	9.233	6.35064935064935	0.091	7.442248985407535e-05	5.7610486230495646	3.501403168355171	2.6958499278448724	1.3072105490169998	8.333333333333334	0.3469670065574795	0.17162725315042307	1.9977322554013985	6.166666666666667	8.333333333333334	0.0	0.0	4.043869560920633	0.0	0.0	8.5	FALSE
49	B7	2020-06-22-R1	Glucose	High	CD3014	RT001	7	0	0	0.091	0.09	0.58	9.233	6.35064935064935	0.091	7.442248985407535e-05	7.347960848046163	5.92182653364088	0.6948203962645145	0.527576774312269	12.0	0.20644235637929148	-0.04978923524874617	3.3575821973589712	10.0	23.833333333333332	0.3396095820098768	0.2236197496065555	8.63811970661693	8.5	8.5	24.0	FALSE
50	C7	2020-06-22-R1	Fructose	Low	CD3014	RT001	7	0	0	0.091	0.089	0.636	9.346166666666665	7.077922077922079	0.091	4.112577143065664e-05	3.098258039890267	2.1157667599697034	1.8654046336010142	1.052709573562801	7.333333333333333	0.38757320487341945	0.1713064743509143	1.7884290550641282	6.0	7.333333333333333	0.0	0.0	4.310078831529374	0.0	0.0	7.5	FALSE
50	C7	2020-06-22-R1	Fructose	Low	CD3014	RT001	7	0	0	0.091	0.089	0.636	9.346166666666665	7.077922077922079	0.091	4.112577143065664e-05	14.542496035167563	10.147478178644388	1.2968227975104285	0.831526775546281	12.333333333333334	0.3623587795186591	-0.10930280239005775	1.9128753592798013	9.166666666666666	23.833333333333332	0.7391690326387426	0.38834608330056053	8.015426281718453	7.5	7.5	24.0	FALSE
51	D7	2020-06-22-R1	Fructose	High	CD3014	RT001	7	0	0	0.093	0.092	0.595	9.350333333333333	6.51948051948052	0.093	3.109799877010568e-05	2.6020186805293264	1.8860854748696108	1.5231162269095533	0.9254947355457721	7.333333333333333	0.2728863760401921	0.24697734899043058	2.5400578461192764	6.0	7.333333333333333	0.0	0.0	3.886709494917198	0.0	0.0	7.5	FALSE
51	D7	2020-06-22-R1	Fructose	High	CD3014	RT001	7	0	0	0.093	0.092	0.595	9.350333333333333	6.51948051948052	0.093	3.109799877010568e-05	17.539000514440954	11.676855136821407	1.3522627776458305	0.8553777489851401	12.0	0.26902234694039173	-0.030045842739769353	2.576541274147491	9.0	16.5	0.34035963529451463	0.15629663789084902	7.573917054989598	7.5	7.5	24.0	FALSE
52	E7	2020-06-22-R1	Trehalose	Low	CD3014	RT001	7	0	0	0.089	0.086	0.173	3.3615	1.0909090909090908	0.089	3.134597339779569e-06	0.5985333720976338	0.5310607712732721	0.37289938826465163	0.3169248453423672	7.333333333333333	0.14415808562705956	0.04066357768632646	4.808243516448559	6.0	7.333333333333333	0.0	0.0	4.710481074729883	0.0	0.0	7.5	FALSE
52	E7	2020-06-22-R1	Trehalose	Low	CD3014	RT001	7	0	0	0.089	0.086	0.173	3.3615	1.0909090909090908	0.089	3.134597339779569e-06	1.2505079561329424	1.1101623499062832	0.31224063858487106	0.2717360872592295	12.666666666666666	0.13524949576839468	-0.040874071517138524	5.124952049706059	9.166666666666666	13.333333333333334	0.016767688205302722	0.012860246133319486	8.149765702048011	7.5	7.5	13.5	FALSE
52	E7	2020-06-22-R1	Trehalose	Low	CD3014	RT001	7	0	0	0.089	0.086	0.173	3.3615	1.0909090909090908	0.089	3.134597339779569e-06	0.49045918722045434	0.4720155355560118	0.09016783940641382	0.08633166549398019	22.333333333333332	0.04733887261999454	-0.006704451887712123	14.64224097865779	15.333333333333334	22.833333333333332	0.002918536219385315	0.0026807338934669023	15.329368010413262	14.333333333333334	13.5	24.0	FALSE
53	F7	2020-06-22-R1	Trehalose	High	CD3014	RT001	7	0	0	0.084	0.083	0.157	3.0199999999999996	0.948051948051948	0.084	1.2789976628371135e-06	0.42916529437351764	0.3988859810161851	0.2124197446124403	0.19261815162848725	6.0	0.06871263366300687	0.019951585716546566	10.087623536006568	4.0	6.0	0.0	0.0	2.579421218417041	0.0	0.0	6.166666666666667	FALSE
53	F7	2020-06-22-R1	Trehalose	High	CD3014	RT001	7	0	0	0.084	0.083	0.157	3.0199999999999996	0.948051948051948	0.084	1.2789976628371135e-06	0.8610569895278143	0.7644950115520441	0.33579815530082646	0.28952898233885865	10.5	0.11711566235729834	-0.02689758293769518	5.918484057625706	8.666666666666666	11.0	0.011178718252572883	0.008403781477540506	7.2508829255738005	6.166666666666667	6.166666666666667	11.166666666666666	FALSE
53	F7	2020-06-22-R1	Trehalose	High	CD3014	RT001	7	0	0	0.084	0.083	0.157	3.0199999999999996	0.948051948051948	0.084	1.2789976628371135e-06	0.9748790588816207	0.9177685303661314	0.16680311072256648	0.15426762503681485	23.666666666666668	0.030140938688866244	-0.0017887854109187563	22.996867739092238	16.833333333333332	23.833333333333332	9.527261354946859e-06	8.165302409546271e-06	14.561223028543893	12.333333333333334	11.166666666666666	24.0	FALSE
54	G7	2020-06-22-R1	Water	None	CD3014	RT001	7	1	0	0.085	0.083	0.162	3.2351666666666663	1.0	0.085	7.618719593005579e-07	0.6753299025036111	0.5812502400865076	0.44318917542821135	0.366855369901899	7.833333333333333	0.15736579887856023	0.0379110825000803	4.404687584592949	6.5	7.833333333333333	0.0	0.0	5.082086550294271	0.6666666666666666	0.0	8.0	FALSE
54	G7	2020-06-22-R1	Water	None	CD3014	RT001	7	1	0	0.085	0.083	0.162	3.2351666666666663	1.0	0.085	7.618719593005579e-07	4.115574133567204	3.6309755857040487	0.31109143500834047	0.2708599468257622	23.833333333333332	0.1551348636008411	0.014005042315947855	4.468029716024369	9.5	23.833333333333332	0.0	0.0	8.656751076216372	8.0	8.0	24.0	FALSE
66	C9	2020-06-22-R1	Fructose	Low	CD4010	RT027	9	0	0	0.087	0.084	0.641	8.554499999999999	6.595238095238096	0.087	2.8527997990724633e-05	8.172091434659416	4.360960309742558	3.3544536649650025	1.4711991523695072	10.5	0.42677008709245445	-0.025213531607245307	1.6241700192304798	8.5	10.666666666666666	0.009789706267407716	0.002250736413430099	6.243166064177667	0.0	0.0	10.833333333333334	FALSE
66	C9	2020-06-22-R1	Fructose	Low	CD4010	RT027	9	0	0	0.087	0.084	0.641	8.554499999999999	6.595238095238096	0.087	2.8527997990724633e-05	5.116470117190557	4.061888063672579	0.6919706247698849	0.5258938997862104	15.666666666666666	0.2359875946245704	-0.31087498390768686	2.9372187197495028	13.0	23.5	0.8595289254526512	0.7092859902161928	12.153174455716053	11.5	10.833333333333334	24.0	FALSE
67	D9	2020-06-22-R1	Fructose	High	CD4010	RT027	9	0	0	0.083	0.08	0.659	9.141333333333334	6.857142857142858	0.083	2.924985351633732e-05	9.214897928825126	4.809921169723342	3.4842477993793795	1.500570766702456	11.333333333333334	0.39804240293982757	0.016249788442672834	1.7413903027430195	8.666666666666666	11.333333333333334	0.0	0.0	6.403646164943462	0.0	0.0	11.5	FALSE
67	D9	2020-06-22-R1	Fructose	High	CD4010	RT027	9	0	0	0.083	0.08	0.659	9.141333333333334	6.857142857142858	0.083	2.924985351633732e-05	7.183652125248346	5.4629638964571425	0.7511051186792093	0.5602470850136028	18.666666666666668	0.2141291774120901	-0.008429760552088824	3.2370515262662614	14.0	19.666666666666668	0.01249684624070424	0.0071621352587336595	12.721211364050369	11.5	11.5	24.0	FALSE
72	A10	2020-06-22-R1	Glucose	Low	CD4011	RT001	10	0	0	0.092	0.091	0.701	11.158333333333333	5.691588785046728	0.092	5.421985028093207e-05	9.53785868562995	4.857888646233243	3.8837939597865248	1.5859223685826753	7.666666666666667	0.45203810241125475	0.018945801830044056	1.5333822013289813	5.333333333333333	7.666666666666667	0.0	0.0	3.125696495080783	0.0	0.0	7.833333333333333	FALSE
72	A10	2020-06-22-R1	Glucose	Low	CD4011	RT001	10	0	0	0.092	0.091	0.701	11.158333333333333	5.691588785046728	0.092	5.421985028093207e-05	4.965538092221538	4.187041748044949	0.5160384498830777	0.41610064961825977	13.0	0.17480133130204992	-0.04548513701082074	3.9653426858758523	10.0	18.5	0.44127203890145217	0.3439973037601005	8.900716323896953	7.833333333333333	7.833333333333333	24.0	FALSE
73	B10	2020-06-22-R1	Glucose	High	CD4011	RT001	10	0	0	0.099	0.098	0.762	12.87283333333333	6.19626168224299	0.099	9.079095345742314e-05	6.403661105904846	3.6497269198119704	3.0127674949788767	1.3894811516493906	7.166666666666667	0.43556213069958644	0.0709525466083743	1.5913853195791694	5.166666666666667	7.166666666666667	0.0	0.0	3.226041498166109	0.0	0.0	7.333333333333333	FALSE
73	B10	2020-06-22-R1	Glucose	High	CD4011	RT001	10	0	0	0.099	0.098	0.762	12.87283333333333	6.19626168224299	0.099	9.079095345742314e-05	11.854638239840316	8.770872334740654	0.8770320039310251	0.6296918080349447	14.166666666666666	0.2886521037559422	-0.016771664098797066	2.4013238481227464	9.166666666666666	23.833333333333332	0.1484876036902809	0.08241214083417248	8.02883034498828	7.333333333333333	7.333333333333333	24.0	FALSE
74	C10	2020-06-22-R1	Fructose	Low	CD4011	RT001	10	0	0	0.092	0.091	0.73	10.939166666666665	5.962616822429906	0.092	0.00010324044334754704	1.3727518937444705	1.0269754370837163	1.193925288874516	0.7856923088003666	4.5	0.4266147640896259	0.21856255127137073	1.624761351237072	3.3333333333333335	4.5	0.0	0.0	2.4292542404683806	0.0	0.0	4.666666666666667	FALSE
74	C10	2020-06-22-R1	Fructose	Low	CD4011	RT001	10	0	0	0.092	0.091	0.73	10.939166666666665	5.962616822429906	0.092	0.00010324044334754704	1.7945565941899704	1.3180413245527247	1.060263706598922	0.7228339875206341	7.333333333333333	0.4004371078515719	-0.07038458817188459	1.7309763929692321	6.0	7.666666666666667	0.024073541619709093	0.011753491927180448	5.044098758397288	4.666666666666667	4.666666666666667	7.833333333333333	FALSE
74	C10	2020-06-22-R1	Fructose	Low	CD4011	RT001	10	0	0	0.092	0.091	0.73	10.939166666666665	5.962616822429906	0.092	0.00010324044334754704	6.0320010167337275	4.889445700532039	0.736770317064998	0.5520272488468838	13.333333333333334	0.34626574820889955	-0.08394811519771696	2.0017780682765505	9.5	16.333333333333332	0.6183655402129096	0.44012388521044876	8.896431442332304	8.333333333333334	7.833333333333333	24.0	FALSE
75	D10	2020-06-22-R1	Fructose	High	CD4011	RT001	10	0	0	0.098	0.097	0.732	12.045333333333334	5.925233644859812	0.098	7.223808214945902e-05	8.415873063668355	4.503290297822293	3.4416010633860425	1.4910149113053501	8.0	0.4261229959933739	0.03797020589446291	1.6266364103258195	5.666666666666667	8.0	0.0	0.0	3.4948451202087214	0.0	0.0	8.166666666666666	FALSE
75	D10	2020-06-22-R1	Fructose	High	CD4011	RT001	10	0	0	0.098	0.097	0.732	12.045333333333334	5.925233644859812	0.098	7.223808214945902e-05	7.796760602952774	6.210503620367273	0.6534553341467515	0.5028672401608856	14.833333333333334	0.20805406290514947	-0.02482224474608748	3.331572433055281	10.166666666666666	19.5	0.2080594802106388	0.13448400875258515	9.021617599385463	8.166666666666666	8.166666666666666	24.0	FALSE
82	C11	2020-06-22-R1	Fructose	Low	CD4015	RT027	11	0	0	0.088	0.085	0.708	9.472333333333335	8.493150684931505	0.088	6.52362797027167e-05	7.4084011970646415	3.966632751584331	3.375506119134319	1.4760221974922152	9.666666666666666	0.4668402590068608	0.03621962476644564	1.484763079419332	7.5	9.666666666666666	0.0	0.0	5.60560210865339	0.0	0.0	9.833333333333334	FALSE
82	C11	2020-06-22-R1	Fructose	Low	CD4015	RT027	11	0	0	0.088	0.085	0.708	9.472333333333335	8.493150684931505	0.088	6.52362797027167e-05	6.34895932940702	4.8372147120709545	0.8249926178245801	0.6015759419986464	18.333333333333332	0.23966383294281154	-0.35513788901776977	2.892164295500288	11.833333333333334	22.333333333333332	1.1288793522145766	0.9638188359413395	10.853416414451697	9.833333333333334	9.833333333333334	24.0	FALSE
83	D11	2020-06-22-R1	Fructose	High	CD4015	RT027	11	0	0	0.094	0.09	0.714	10.067499999999999	8.493150684931505	0.094	5.480976559062906e-05	6.29597036370943	3.584232234116871	2.8530450946958825	1.3488637693637182	9.833333333333334	0.40690776832288394	0.02304535659065704	1.7034503504733498	8.0	9.833333333333334	0.0	0.0	5.736625723102808	0.0	0.0	10.0	FALSE
83	D11	2020-06-22-R1	Fructose	High	CD4015	RT027	11	0	0	0.094	0.09	0.714	10.067499999999999	8.493150684931505	0.094	5.480976559062906e-05	9.276130888189382	6.888225835482532	0.95171953224285	0.6687107954149787	23.833333333333332	0.25920152280620756	-0.0015682605933697378	2.6741632265724684	11.833333333333334	23.833333333333332	0.0	0.0	10.895705836498156	10.0	10.0	24.0	FALSE
94	G12	2020-06-22-R1	Water	None	M120	RT078	12	1	0	0.095	0.094	0.232	4.562833333333334	1.0	0.095	4.400612170428948e-07	1.761187260694688	1.4351039037319795	0.7036814284885449	0.5327914558164822	6.833333333333333	0.16755518163039126	0.03318222684912637	4.136829275079976	4.333333333333333	6.833333333333333	0.0	0.0	2.709314689880454	0.0	0.0	7.0	FALSE
94	G12	2020-06-22-R1	Water	None	M120	RT078	12	1	0	0.095	0.094	0.232	4.562833333333334	1.0	0.095	4.400612170428948e-07	5.803688175921556	4.896005586231527	0.4325156136204038	0.3594320691078491	15.833333333333334	0.083470413151474	-0.00826112962545947	8.304106262204419	9.666666666666666	23.833333333333332	0.02854719462852162	0.02012925735273996	7.825752022602669	7.0	7.0	24.0	FALSE
